    感动     0.4738    0.6246    0.5389       333
          同情     0.0000    0.0000    0.0000       101
          无聊     0.6667    0.0156    0.0305       128
          愤怒     0.5655    0.8759    0.6873      1064
          搞笑     0.2785    0.0632    0.1030       348
          难过     0.2041    0.0571    0.0893       175
          新奇     0.4000    0.0588    0.1026        68
          温馨     0.0000    0.0000    0.0000        11
       感动     0.5787    0.7838    0.6658       333
          同情     0.1333    0.0198    0.0345       101
          无聊     0.5000    0.0781    0.1351       128
          愤怒     0.6549    0.8581    0.7429      1064
          搞笑     0.3560    0.1954    0.2523       348
          难过     0.3619    0.2171    0.2714       175
          新奇     0.3061    0.2206    0.2564        68
          温馨     0.0000    0.0000    0.0000        11
          感动     0.5481    0.8048    0.6521       333
          同情     0.0000    0.0000    0.0000       101
          无聊     0.5714    0.0938    0.1611       128
          愤怒     0.6122    0.9126    0.7328      1064
          搞笑     0.4595    0.0977    0.1611       348
          难过     0.4000    0.0800    0.1333       175
          新奇     0.4762    0.1471    0.2247        68
          温馨     0.0000    0.0000    0.0000        11